spawns: 
  default: 
    world: world
    x: -62.40722575880263
    y: 71.0
    z: -147.64038732218225
    yaw: -181.7995
    pitch: 7.2000184
